{"id":"02_pcb_move_to_storage","containers":[{"elements":[{"id":"gripper_move_skill","parameter":{"cartesian_impedance":{"access":["parent","parameter","cartesian_impedance"]},"joint_impedance":{"access":["parent","parameter","joint_impedance"]},"safety":{"access":["parent","parameter","safety"]},"speed":0.06,"width":0.0809},"name":"Gripper Move","link":"gripper_move_skill","componentProviders":{"gripper-width":{"linkConfig":null,"componentLookupTable":[]},"speed":{"linkConfig":null,"componentLookupTable":[]}},"enabled":true,"isTracePoint":false},{"id":"joint_motion","parameter":{"acceleration":0.2,"cartesian_impedance":{"access":["parent","parameter","cartesian_impedance"]},"joint_impedance":{"access":["parent","parameter","joint_impedance"]},"motion":{"access":["parameter","poses",1,"relative_trajectories",1]},"safety":{"access":["parent","parameter","safety"]},"speed":{"access":["parent","parameter","speed"]},"velocity":0.6},"name":"Joint Motion","link":"joint_motion","componentProviders":{"acceleration":{"linkConfig":null,"componentLookupTable":[]},"motion":{"linkConfig":{"components":["robot-pose-carousel"],"sourceDistance":2,"parameters":{"points":["motion"]}},"componentLookupTable":[{"name":"robot-pose-carousel","sourcePath":{"id":"02_pcb_move_to_storage","indices":[]},"dependencies":[]}]},"velocity":{"linkConfig":null,"componentLookupTable":[]}},"enabled":false,"isTracePoint":false},{"id":"cartesian_motion","parameter":{"acceleration":0.1,"cartesian_impedance":{"access":["parent","parameter","cartesian_impedance"]},"joint_impedance":{"access":["parent","parameter","joint_impedance"]},"motion":{"access":["parameter","poses",2,"relative_trajectories",1]},"safety":{"access":["parent","parameter","safety"]},"speed":{"access":["parent","parameter","speed"]},"velocity":0.5},"name":"Cart Motion","link":"cartesian_motion","componentProviders":{"acceleration":{"linkConfig":null,"componentLookupTable":[]},"motion":{"linkConfig":{"components":["robot-pose-carousel"],"sourceDistance":2,"parameters":{"points":["motion"]}},"componentLookupTable":[{"name":"robot-pose-carousel","sourcePath":{"id":"02_pcb_move_to_storage","indices":[]},"dependencies":[]}]},"velocity":{"linkConfig":null,"componentLookupTable":[]}},"enabled":true,"isTracePoint":false}],"relativePath":["timeline_body"],"isTracePoint":false}],"name":"02_PCB_move_to_storage","contextMenu":"<step id=\"speed\" name=\"Robot speed\" label=\"Set the speed of the robot's motions.\"\n  configured=\"parameter('speed')()\" class=\"flex-column\">\n  <h2 data-bind=\"html: step.label\"><br></h2>\n  <linear-slider params=\"\n    value: parameter('speed').multiply(100).round(),\n    min: 1, max: 100, increment: 1,\n    unit: '%',\n    step: step\n    \"/>\n</step>\n<step id=\"cart-comp\" name=\"Cartesian Compliance\" class=\"flex-column\"\n  label=\"Set the compliance along and around each cartesian axis. Greater compliance is given by lower values.\">\n  <h2 data-bind=\"html: step.label\"></h2>\n  <toggle-slider params=\"\n    parameters: [\n      { value: parameter('cartesian_impedance.K_x').add(-10).multiply(1/30).round(),\n        label: 'K-x',\n        min: 0, max: 100, increment: 1,\n        unit: '%'\n      },\n      { value: parameter('cartesian_impedance.K_y').add(-10).multiply(1/30).round(),\n        label: 'K-y',\n        min: 0, max: 100, increment: 1,\n        unit: '%'\n      },\n      { value: parameter('cartesian_impedance.K_z').add(-10).multiply(1/30).round(),\n        label: 'K-z',\n        min: 0, max: 100, increment: 1,\n        unit: '%'\n      },\n      { value: parameter('cartesian_impedance.K_x_rot').add(-1).multiply(1/3).round(),\n        label: 'K-x_rot',\n        min: 0, max: 100, increment: 1,\n        unit: '%'\n      },\n      { value: parameter('cartesian_impedance.K_y_rot').add(-1).multiply(1/3).round(),\n        label: 'K-y_rot',\n        min: 0, max: 100, increment: 1,\n        unit: '%'\n      },\n      { value: parameter('cartesian_impedance.K_z_rot').add(-1).multiply(1/3).round(),\n        label: 'K-z_rot',\n        min: 0, max: 100, increment: 1,\n        unit: '%'\n      },\n    ],\n    step: step\n  \"/>\n</step>\n<step id=\"joint-comp\" name=\"Joint Compliance\" class=\"flex-column\"\n  label=\"Set the compliance for each joint. Greater compliance is given by lower values.\">\n  <h2 data-bind=\"html: step.label\"></h2>\n  <toggle-slider params=\"\n    parameters: [\n      { value: parameter('joint_impedance.K_j0').add(-1).multiply(1/60).round(),\n        label: 'Joint 0',\n        min: 0, max: 100, increment: 1,\n        unit: '%'\n      },\n      { value: parameter('joint_impedance.K_j1').add(-1).multiply(1/60).round(),\n        label: 'Joint 1',\n        min: 0, max: 100, increment: 1,\n        unit: '%'\n      },\n      { value: parameter('joint_impedance.K_j2').add(-1).multiply(1/60).round(),\n        label: 'Joint 2',\n        min: 0, max: 100, increment: 1,\n        unit: '%'\n      },\n      { value: parameter('joint_impedance.K_j3').add(-1).multiply(1/60).round(),\n        label: 'Joint 3',\n        min: 0, max: 100, increment: 1,\n        unit: '%'\n      },\n      { value: parameter('joint_impedance.K_j4').add(-1).multiply(1/60).round(),\n        label: 'Joint 4',\n        min: 0, max: 100, increment: 1,\n        unit: '%'\n      },\n      { value: parameter('joint_impedance.K_j5').add(-1).multiply(1/60).round(),\n        label: 'Joint 5',\n        min: 0, max: 100, increment: 1,\n        unit: '%'\n      },\n      { value: parameter('joint_impedance.K_j6').add(-1).multiply(1/60).round(),\n        label: 'Joint 6',\n        min: 0, max: 100, increment: 1,\n        unit: '%'\n      },\n    ],\n    step: step\n  \"/>\n</step>\n<step id=\"all-force\" name=\"Force Thresholds\" class=\"flex-column\"\n  label=\"Set the force thresholds along and around each cartesian axis. Higher values will be interpreted as collisions.\">\n  <h2 data-bind=\"html: step.label\"></h2>\n  <toggle-slider params=\"\n    parameters: [\n      {value: parameter('safety.force_thresholds.x'), label: 'x', min: 3, max: 100, increment: 1, unit: 'N'},\n      {value: parameter('safety.force_thresholds.y'), label: 'y', min: 3, max: 100, increment: 1, unit: 'N'},\n      {value: parameter('safety.force_thresholds.z'), label: 'z', min: 3, max: 100, increment: 1, unit: 'N'},\n      {value: parameter('safety.force_thresholds.x_rot'), label: 'x-rot', min: 1, max: 30, increment: 1, unit: 'Nm'},\n      {value: parameter('safety.force_thresholds.y_rot'), label: 'y-rot', min: 1, max: 30, increment: 1, unit: 'Nm'},\n      {value: parameter('safety.force_thresholds.z_rot'), label: 'z-rot', min: 1, max: 30, increment: 1, unit: 'Nm'},\n    ],\n    step: step\n  \"/>\n</step>\n<step id=\"all-torque\" name=\"Torque Thresholds\" class=\"flex-column\"\n  label=\"Set the torque thresholds for each joint. Higher values will be interpreted as collisions.\">\n  <h2 data-bind=\"html: step.label\"></h2>\n  <toggle-slider params=\"\n    parameters: [\n      {value: parameter('safety.torque_thresholds.j0'), label: 'Joint 0', min: 3, max: 100, increment: 1, unit: 'Nm'},\n      {value: parameter('safety.torque_thresholds.j1'), label: 'Joint 1', min: 3, max: 100, increment: 1, unit: 'Nm'},\n      {value: parameter('safety.torque_thresholds.j2'), label: 'Joint 2', min: 3, max: 100, increment: 1, unit: 'Nm'},\n      {value: parameter('safety.torque_thresholds.j3'), label: 'Joint 3', min: 2, max: 80, increment: 1, unit: 'Nm'},\n      {value: parameter('safety.torque_thresholds.j4'), label: 'Joint 4', min: 2, max: 80, increment: 1, unit: 'Nm'},\n      {value: parameter('safety.torque_thresholds.j5'), label: 'Joint 5', min: 1, max: 40, increment: 1, unit: 'Nm'},\n      {value: parameter('safety.torque_thresholds.j6'), label: 'Joint 6', min: 1, max: 40, increment: 1, unit: 'Nm'},\n    ],\n    step: step\n  \"/>\n</step>","components":"<component name=\"grid-widget\">\n  <template src=\"base/grid_widget.html\"></template>\n  <viewmodel src=\"base/grid_widget.js\"></viewmodel>\n</component>\n<component name=\"alternative-selector\">\n  <template src=\"base/alternative_selector.html\"></template>\n  <viewmodel src=\"base/alternative_selector.js\"></viewmodel>\n</component>\n<component name=\"reset-strategy-picker\">\n  <template src=\"base/reset_strategy_picker.html\"></template>\n  <viewmodel src=\"base/reset_strategy_picker.js\"></viewmodel>\n</component>\n<component name=\"trajectory-teaching-base\">\n  <template src=\"base/trajectory_teaching_base.html\"></template>\n  <viewmodel src=\"base/trajectory_teaching_base.js\"></viewmodel>\n</component>\n<component name=\"trajectory-teaching\" linkable>\n  <template src=\"base/trajectory_teaching.html\"></template>\n  <viewmodel src=\"base/trajectory_teaching.js\"></viewmodel>\n</component>\n<component name=\"approach-retract-teaching\">\n  <template src=\"base/approach_retract_teaching.html\"></template>\n  <viewmodel src=\"base/approach_retract_teaching.js\"></viewmodel>\n</component>\n<component name=\"pose-teaching single-pose-teaching\" linkable>\n  <template src=\"base/pose_teaching.html\"></template>\n  <viewmodel src=\"base/pose_teaching.js\"></viewmodel>\n</component>\n<component name=\"two-pose-teaching\" linkable>\n  <template src=\"base/two_pose_teaching.html\"></template>\n  <viewmodel src=\"base/two_pose_teaching.js\"></viewmodel>\n</component>\n<component name=\"robot-pose single-robot-pose\" linkable>\n  <template src=\"base/robot_pose.html\"></template>\n  <viewmodel src=\"base/robot_pose.js\"></viewmodel>\n</component>\n<component name=\"robot-pose-carousel\" linkable>\n  <template src=\"base/robot_pose_carousel.html\"></template>\n  <viewmodel src=\"base/robot_pose_carousel.js\"></viewmodel>\n</component>\n<component name=\"haptic-gestures\">\n  <template src=\"base/haptic_gestures.html\"></template>\n  <viewmodel src=\"base/haptic_gestures.js\"></viewmodel>\n</component>\n<component name=\"points-list\">\n  <template src=\"base/points_list.html\"></template>\n  <viewmodel src=\"base/points_list.js\"></viewmodel>\n</component>","parameter":{"cartesian_impedance":{"K_x":2500,"K_x_rot":250,"K_y":2500,"K_y_rot":250,"K_z":2500,"K_z_rot":250},"current_teaching_reference":{"pose":[1,0,0,0,0,1,0,0,0,0,1,0,0,0,0,1]},"joint_impedance":{"K_j0":3500,"K_j1":3500,"K_j2":3500,"K_j3":3000,"K_j4":2500,"K_j5":2000,"K_j6":1000},"poses":[{"gripper_closed_width":-1,"gripper_open_width":-1,"pose":{"joint_angles":[],"pose":[0,0,0,0,0,0,0,0,0,0,0,0,0,0,0,0]},"relative_trajectories":[[{"joint_angles":[0.9368646289713384,-0.9487519589512838,0.13790034077157928,-2.4500069435910654,-0.17345902321738493,1.6184340508676411,-1.4295723781722283],"pose":[-0.9511197142631788,-0.10345825587031843,-0.2909440243988683,0,-0.08331082363053077,0.9932297405646843,-0.08083771412540557,0,0.29734331156464366,-0.05264857090573026,-0.9533179338758688,0,0.1622494862034027,0.23021173490299177,0.4992556853483418,1]},{"joint_angles":[0.9878492069899428,-0.6393075410634999,0.3167728132878969,-2.6068736499277914,-0.18300990208761267,2.0818797181079005,-0.9265542153921452],"pose":[-0.9318481516605938,0.08959583348793299,-0.35158548856507954,0,0.0900130717926354,0.9958149949625517,0.015195052332778791,0,0.3514822820260882,-0.01748814509375657,-0.936031180144611,0,0.14002662454848508,0.35037184816096856,0.3618837055379783,1]},{"joint_angles":[0.9398103504534546,-0.5829931075245747,0.2757226217800927,-2.591179541628923,-0.19017251708110172,2.1451360752494244,-1.0339253545353893],"pose":[-0.9433770591681976,0.04651690250123364,-0.3284153603564576,0,0.04462587727675693,0.9989056339298205,0.013297085460798469,0,0.32868082108140734,-0.0021116988462994146,-0.9444387002771721,0,0.1728878859942305,0.355778206402048,0.3564801716725675,1]},{"joint_angles":[0.9188919235997374,-0.5674954759574309,0.34841315704935594,-2.6447464527584907,-0.39001723205889366,2.226291201962365,-0.8470576526460548],"pose":[-0.8685788862546469,0.05195408308614535,-0.49280040432666367,0,0.05554120682586483,0.9984195814897772,0.007366175623304272,0,0.4924137568368875,-0.020973028357518075,-0.8701085128645145,0,0.17821519998967197,0.35843217907046193,0.33901576579554654,1]}]],"teaching_reference":{"pose":[1,0,0,0,0,1,0,0,0,0,1,0,0,0,0,1]}},{"gripper_closed_width":-1,"gripper_open_width":-1,"pose":{"joint_angles":[],"pose":[0,0,0,0,0,0,0,0,0,0,0,0,0,0,0,0]},"relative_trajectories":[[{"joint_angles":[0.9366932211492813,-0.948321971858447,0.13800256533516833,-2.4501501145872244,-0.17339879232645034,1.618358104806639,-1.4288499253723357],"pose":[-0.9512972221111302,-0.10276152481273038,-0.2906104112433311,0,-0.0825078805492298,0.9932719766869779,-0.0811417086141653,0,0.29699914147839274,-0.05321325742488105,-0.9533938636237024,0,0.1622902592343774,0.23023671625363754,0.49905298682131355,1]},{"joint_angles":[0.9875731960961932,-0.6390867881187816,0.3164859806725434,-2.606671326178539,-0.18282629316130652,2.0810249265737615,-0.9269364753583093],"pose":[-0.9320010413298911,0.08978080277453926,-0.3511327573929357,0,0.09049939543440683,0.9957827169234019,0.014400937603618824,0,0.3509516158024323,-0.018355966827820203,-0.9362136624977644,0,0.1401755388083597,0.3501928615546795,0.3618219773294337,1]},{"joint_angles":[0.9398169606823021,-0.5825638353886156,0.27578823624751564,-2.5912255099919976,-0.19000947990020117,2.144267301978727,-1.03349345619981],"pose":[-0.9435492195543345,0.046851776876911555,-0.32787273168577347,0,0.045331004181247636,0.9988868555387765,0.012284005575712548,0,0.3280896062004998,-0.003272299298902104,-0.9446409383255098,0,0.17282497994235377,0.3556147625133314,0.35619225607955374,1]},{"joint_angles":[0.926373287119331,-0.5548364633924391,0.3389488515296833,-2.6351635533716693,-0.3856928917651851,2.2150860865081596,-0.8572550099827347],"pose":[-0.8751801252365112,0.04432938992977142,-0.48176202178001404,0,0.05308784544467926,0.9985794425010681,-0.004556214902549982,0,0.4808756709098816,-0.029563216492533684,-0.8762902617454529,0,0.17851953208446503,0.3592003881931305,0.3388291001319885,1]}]],"teaching_reference":{"pose":[1,0,0,0,0,1,0,0,0,0,1,0,0,0,0,1]}}],"safety":{"force_thresholds":{"x":10,"x_rot":5,"y":10,"y_rot":5,"z":10,"z_rot":5},"torque_thresholds":{"j0":10,"j1":10,"j2":10,"j3":8,"j4":8,"j5":4,"j6":4}},"speed":0.5},"valid":true}